3473
244
5099
3303
7890
929
4490
2221
5099
4873
5837
3303
4490
1184
4490
3303
929
3738
1184
5591
4490
1818
2221
183
1258
5591
7821
1258
1818
1088
4771
2221
1818
4977
5591
183
1258
183
1713
1818
1088
5591
3303
1818
4771
1088
5591
4873
3738
4490
1713
1088
5591
4490
2136
1713
1088
5591
3303
3473
4977
5591
929
5099
1818
7821
5591
3303
5617
7821
5591
4771
1818
183
4490
2221
183
3303
5591
7821
183
2221
1818
5591
7821
3303
183
2221
1818
1088
5591
3303
2221
4771
5591
7821
3303
929
183
1088
5591
3131
6441
7246
6262
732
0
1342
7246
6262
1858
0
732
7246
6262
1858
2684
7246
6262
1858
2684
6441
7246
6262
6901
183
2221
7246
6262
1
183
7246
6262
1088
5591
7821
4771
366
6262
7821
2221
1258
1818
5591
7821
1258
5617
5591
7821
4771
2221
1258
1818
5591
7821
244
183
2221
7821
244
4771
5099
1088
3303
5099
929
1088
7821
5591
3303
183
732
1858
6262
0
7246
6262
1858
0
2368
7246
6262
1858
0
2684
6262
7246
0
2684
732
7246
6262
1858
2013
0
1342
7246
6262
4977
1858
2684
6441
4977
3623
6441
0
4977
6262
1342
1858
7476
4977
1342
2684
4977
6441
1858
4984
4977
6262
7701
4984
3623
2147
2136
6441
1342
4984
4861
6441
1342
6262
2684
7246
6262
1858
2684
0
732
7246
6262
1342
5591
7821
2221
1818
1258
7821
5591
2221
183
1818
5591
7821
1258
183
2221
5591
1258
3303
7821
5591
183
2221
1258
4771
244
2221
183
1818
1258
244
183
2221
1818
1088
1258
5591
7821
2221
183
7821
1258
7821
244
5591
183
2221
1818
1258
244
4771
183
2221
1818
7821
5591
2221
1818
7821
1258
2221
1818
5591
7821
2221
5591
1088
2221
4861
2221
1818
5591
7821
1258
929
7821
1258
2221
7821
1258
2221
5591
7821
1818
1258
7821
5591
929
1818
7821
5591
2221
929
1258
7821
244
4771
1088
7821
244
929
1258
929
2221
5591
1088
1258
929
1258
7821
5591
2221
929
1258
7821
1818
2221
244
244
4771
1258
2221
1818
244
7821
1258
